analysis_type=fig11_mechanism_validation_v1_1
input_dir=/root/ros1_noetic_fp/fast_perching/Fast-Perching/fig11_outputs/fig11_mechanism_validation_v1
overall_result=PASS
result_note=PASS 表示 terminal-state-adjustment 机制在统一场景下成立，不表示论文 Fig.11 原始单标量结果已复现
scene_role=unified_mechanism_validation_scene_not_claimed_as_exact_paper_scene
profile_K=32
profile_rhoOmega=1400000.0
profile_rhoThrust=100000.0
scene_ini_p=0.0,0.0,2.0
scene_ini_v=0.0,0.0,0.0
scene_perching_p_template=2.3,0.0,z_t
scene_perching_v=0.6,0.0,0.0
scene_perching_axis=0.0,1.0,0.0
scene_perching_theta=-1.5708
scene_zt_values=2.0,1.5,1.0
norm_epsilon=0.000001000
resample_count=201
omega_int_threshold=3.001500000
omega_export_warn_threshold=3.001500000
strict_count=3
relaxed_count=0
fallback_count=0
unknown_eps_count=0
runtime_fail_count=0
solve_mode_single_count=3
solve_mode_all_single=true
max_abs_omega2_int_overall=3.000702404
max_abs_omega2_export_overall=3.000863185
omega_export_warn_count=0
feasibility_gate=PASS
adapt_abs_threshold_vt2=0.020000000
adapt_rel_threshold_vt2=0.200000000
adapt_abs_threshold_vtnorm=0.020000000
adapt_rel_threshold_vtnorm=0.200000000
range_vt2=0.439936933
range_vt_norm=0.439936933
mean_abs_vt2=0.210230205
mean_abs_vt_norm=0.210230205
relative_range_vt2=2.092643793
relative_range_vt_norm=2.092643793
vt2_adaptation_pass=PASS
vtnorm_adaptation_pass=PASS
adaptation_driver=both
adaptation_gate=PASS
traj_change_threshold=0.020000000
tau_change_threshold=0.030000000
omega_change_threshold=0.030000000
traj_rmse_norm_2.0_1.5=0.203016710
tau_rmse_norm_2.0_1.5=0.167311111
omega_rmse_norm_2.0_1.5=0.433917098
raw_span_x_2.0_1.5=5.243857019
raw_span_z_2.0_1.5=1.601542892
span_x_2.0_1.5=5.243857019
span_z_2.0_1.5=1.601542892
raw_mean_abs_union_tau_2.0_1.5=11.186834636
raw_mean_abs_union_omega_2.0_1.5=1.195039735
mean_abs_union_tau_2.0_1.5=11.186834636
mean_abs_union_omega_2.0_1.5=1.195039735
traj_rmse_norm_2.0_1.0=0.262710481
tau_rmse_norm_2.0_1.0=0.157312373
omega_rmse_norm_2.0_1.0=0.435647342
raw_span_x_2.0_1.0=5.243857019
raw_span_z_2.0_1.0=1.603387327
span_x_2.0_1.0=5.243857019
span_z_2.0_1.0=1.603387327
raw_mean_abs_union_tau_2.0_1.0=11.258679947
raw_mean_abs_union_omega_2.0_1.0=1.306967909
mean_abs_union_tau_2.0_1.0=11.258679947
mean_abs_union_omega_2.0_1.0=1.306967909
traj_rmse_norm_1.5_1.0=0.122832971
tau_rmse_norm_1.5_1.0=0.054744146
omega_rmse_norm_1.5_1.0=0.296590282
raw_span_x_1.5_1.0=3.826690313
raw_span_z_1.5_1.0=1.603387327
span_x_1.5_1.0=3.826690313
span_z_1.5_1.0=1.603387327
raw_mean_abs_union_tau_1.5_1.0=11.144578029
raw_mean_abs_union_omega_1.5_1.0=1.345265107
mean_abs_union_tau_1.5_1.0=11.144578029
mean_abs_union_omega_1.5_1.0=1.345265107
traj_change_pass=PASS
tau_change_pass=PASS
omega_change_pass=PASS
curve_sync_gate=PASS
vt1_zt_2_0=0.000000000
vt2_zt_2_0=0.022949068
vt_norm_zt_2_0=0.022949068
neg_vt2_zt_2_0=-0.022949068
vt_signed_zt_2_0=-0.022949068
duration_zt_2_0=2.983426748
winner_eps_level_zt_2_0=strict
max_abs_omega2_int_zt_2_0=3.000303033
vt1_zt_1_5=0.000000000
vt2_zt_1_5=0.144855545
vt_norm_zt_1_5=0.144855545
neg_vt2_zt_1_5=-0.144855545
vt_signed_zt_1_5=-0.144855545
duration_zt_1_5=2.297011639
winner_eps_level_zt_1_5=strict
max_abs_omega2_int_zt_1_5=3.000526722
vt1_zt_1_0=0.000000000
vt2_zt_1_0=0.462886001
vt_norm_zt_1_0=0.462886001
neg_vt2_zt_1_0=-0.462886001
vt_signed_zt_1_0=-0.462886001
duration_zt_1_0=2.151871237
winner_eps_level_zt_1_0=strict
max_abs_omega2_int_zt_1_0=3.000702404
